##################################################################
##  Data from the investigation described in
##     Haraldsdottir, J., Holm, L., Jensen, J.H. and Møller, A. (1986):
##     "Danskernes kostvaner 1985",
##     Levnedsmiddelstyrelsen, publ. nr. 138, nov. 1986.
##
## sex: 1=M, 2=F
## Avit = A-vitamin (RE)
person sex avit 
   1   2 1755.26
   2   1 1209.11
   3   1  815.99
   4   1 3383.84
   5   1 1981.01
   6   2 1175.81
   7   2  902.64
   8   2 2015.00
   9   2  987.72
  10   1 1715.55
  11   1 2418.41
  12   1 2829.84
  13   1 1005.65
  14   1  962.26
  15   1 1977.31
  16   1 1540.68
  17   1 4283.45
  18   2 1593.88
  19   2 2883.56
  20   2 1886.68
  21   1 1209.08
  22   1 1803.75
  23   1  939.33
  24   2 1141.24
  25   1 3780.01
  26   2 1427.30
  27   2 1258.40
  28   1 1776.99
  29   1 1688.19
  30   2  335.59
  31   2 1584.67
  32   2 1289.78
  33   1 1486.15
  34   2 1533.33
  35   2 2267.40
  36   1 1120.11
  37   2  970.08
  38   2 1271.72
  39   2 1544.42
  40   1 1662.39
  41   2 1825.91
  42   2  796.41
  43   2 1280.27
  44   1 3140.64
  45   2 1043.83
  46   2 2540.32
  47   2 1008.25
  48   2 1345.50
  49   2  841.71
  50   2 2599.35
  51   1 1274.24
  52   1 1133.96
  53   2 1112.27
  54   2 1797.00
  55   2  752.47
  56   1 1456.31
  57   1 3309.22
  58   1 1298.28
  59   2 1253.14
  60   2  810.86
  61   2 1556.59
  62   1 2967.60
  63   2 2231.53
  64   1 2304.43
  65   1 1859.96
  66   1  180.67
  67   2 1921.42
  68   1  750.16
  69   1  740.49
  70   1  955.95
  71   2 1291.40
  72   2 2438.83
  73   2 1138.48
  74   2 3665.08
  75   2 1077.87
  76   2 1723.78
  77   2 1653.63
  78   1  629.06
  79   2  216.22
  80   2  822.10
  81   1 2542.45
  82   1 2283.10
  83   2 1637.56
  84   2 3233.93
  85   1 1557.86
  86   2 2174.85
  87   1 1598.13
  88   1 2853.55
  89   2 1859.60
  90   2 1808.60
  91   2 2033.09
  92   2 2031.12
  93   2 2003.41
  94   1 2318.86
  95   2 1526.20
  96   1 1809.57
  97   2 2652.21
  98   1 1470.08
  99   2 2244.58
 100   2 1894.40
 101   2 1441.41
 102   2 1023.20
 103   1 1818.35
 104   1 1161.56
 105   2 2035.93
 106   1 1309.38
 107   1 4519.92
 108   2 2384.37
 109   1 1938.45
 110   2 1354.40
 111   2 2567.71
 112   2 1363.10
 113   1  703.66
 114   2 2621.08
 115   1 2226.99
 116   2 4174.95
 117   2 2748.01
 118   1 2074.92
 119   1 2045.00
 120   2 1754.50
 121   1 1941.78
 122   1 2899.16
 123   1 2950.10
 124   2 1758.95
 125   1 1400.24
 126   2 1597.48
 127   1 1961.32
 128   1 3106.00
 129   2 3371.88
 130   1 2008.01
 131   1 7131.84
 132   1 3149.90
 133   1 1727.08
 134   1 3494.82
 135   1 1544.38
 136   1 1101.57
 137   1 2233.06
 138   1 1110.54
 139   2 1514.83
 140   2  954.42
 141   2 1012.34
 142   2 2786.62
 143   2  705.34
 144   1  878.67
 145   1 1699.11
 146   2  913.31
 147   2 3046.78
 148   2 3041.39
 149   1 1786.50
 150   1 1212.66
 151   2  749.30
 152   1  953.64
 153   2 1019.00
 154   1 1059.56
 155   1 1559.86
 156   1 2875.32
 157   2 1033.46
 158   2 1396.40
 159   2  952.39
 160   2  751.29
 161   2  720.39
 162   1 2351.75
 163   1 1099.52
 164   1 1598.35
 165   1 1248.73
 166   2 2181.80
 167   2 1333.37
 168   2 1041.78
 169   1 1487.86
 170   1 1026.95
 171   2  770.56
 172   1 1582.45
 173   1 1524.84
 174   1 1353.90
 175   1 2219.97
 176   1 2136.93
 177   1 3211.57
 178   1 1354.89
 179   1  835.97
 180   1 1984.77
 181   1 1295.47
 182   2 1080.41
 183   2 2250.00
 184   1 1626.95
 185   2 1452.77
 186   1 1487.51
 187   1 1572.18
 188   1 2681.79
 189   2 1404.52
 190   2 1130.63
 191   2  828.35
 192   1 2085.38
 193   2 2984.12
 194   2 1514.45
 195   1 1554.19
 196   2 1206.49
 197   1 1147.61
 198   2 1509.84
 199   2 1871.89
 200   1  885.54
 201   2 1220.12
 202   2 1940.72
 203   2 2325.31
 204   1 3277.14
 205   1 1079.24
 206   2 1851.76
 207   1 2751.89
 208   1 2525.92
 209   1 1993.57
 210   2 3935.97
 211   2 1753.15
 212   2 2308.30
 213   2 1903.12
 214   2  753.22
 215   2  905.05
 216   2 3373.12
 217   2 1461.21
 218   2  913.24
 219   2 1232.56
 220   2 2119.73
 221   1 2524.49
 222   2 1813.56
 223   2 4357.39
 224   1  612.85
 225   2 1629.66
 226   1 2074.51
 227   1 2348.99
 228   1 2174.46
 229   1 1590.86
 230   1 1838.44
 231   2  733.90
 232   2 1620.48
 233   1 1420.88
 234   2 1037.21
 235   2  498.61
 236   2 1198.78
 237   1 1489.91
 238   2 1989.51
 239   1 1772.27
 240   2 1014.90
 241   2 1880.58
 242   1 1959.59
 243   2 1783.33
 244   2 1444.14
 245   1 1891.27
 246   2  784.47
 247   1 2364.59
 248   1 1934.51
 249   2 1929.42
 250   2 1705.53
 251   1 1144.93
 252   1 3710.61
 253   1 2851.92
 254   1 1183.05
 255   1 1970.59
 256   1 1899.26
 257   1 1443.86
 258   1 2055.25
 259   2 3041.08
 260   2 2031.91
 261   2 1639.31
 262   2 2033.95
 263   2 1246.54
 264   1 1577.24
 265   1 2030.54
 266   2  831.19
 267   2 2049.24
 268   1 1896.11
 269   2 1702.34
 270   1  889.93
 271   2 1066.49
 272   2 1209.39
 273   1 1842.84
 274   1  794.10
 275   2 1096.42
 276   2 1196.41
 277   1 3232.92
 278   2  618.99
 279   2 1243.43
 280   1 1868.70
 281   1 1388.05
 282   2 1055.73
 283   1 2066.59
 284   2  792.88
 285   1 1820.76
 286   2  768.84
 287   2 1181.12
 288   1 1769.21
 289   2 2359.21
 290   2 1219.50
 291   1 3069.09
 292   1 2398.41
 293   1 2039.30
 294   2 1251.95
 295   1 1515.71
 296   1 1274.07
 297   2 1774.80
 298   1 1348.23
 299   2 1035.87
 300   2 1794.28
 301   1 1073.08
 302   1 1259.22
 303   2 2169.02
 304   1 3845.00
 305   2 1962.19
 306   2  997.43
 307   1 2350.76
 308   2 1435.93
 309   1  827.25
 310   2 1153.66
 311   1 1668.25
 312   2 1353.95
 313   1 1167.48
 314   1 2652.13
 315   2 1912.33
 316   1 1800.63
 317   2  693.41
 318   1 1257.18
 319   2  993.98
 320   2  931.91
 321   1  684.73
 322   2 1251.07
 323   1 3240.62
 324   2 1572.76
 325   2 3664.76
 326   2 2073.66
 327   1 1824.22
 328   1 2375.40
 329   2 1962.55
 330   1 1724.20
 331   1 2521.15
 332   2  602.43
 333   2 1785.32
 334   1  991.80
 335   2  952.15
 336   1 1265.15
 337   1 1910.13
 338   2 1791.45
 339   1 1613.50
 340   1 1410.81
 341   2 1242.53
 342   2 3889.54
 343   2 1393.41
 344   2  589.84
 345   2 1264.16
 346   2  496.49
 347   1  949.39
 348   2  834.31
 349   2 5278.78
 350   2 1503.97
 351   2 1757.98
 352   1 2008.73
 353   2 1574.07
 354   1  860.49
 355   1 1469.41
 356   2 1425.16
 357   2  892.77
 358   2  881.84
 359   2  919.46
 360   1 1924.51
 361   1 1163.12
 362   1 1701.41
 363   2 1547.87
 364   1  958.71
 365   2  864.95
 366   2 1067.68
 367   1 2333.91
 368   1 2824.51
 369   2  668.20
 370   1 1552.05
 371   2 1748.49
 372   2 2028.83
 373   2 1399.48
 374   1 1487.62
 375   1 1637.33
 376   1 1238.16
 377   1 1323.72
 378   2 1429.10
 379   1 1664.77
 380   2 1215.11
 381   2 1266.92
 382   2 1527.91
 383   2  994.90
 384   1 4650.33
 385   2 2072.82
 386   2 1235.30
 387   2 1083.47
 388   1 1215.03
 389   2 1063.07
 390   1 1603.00
 391   1  628.75
 392   1 2131.96
 393   2 1634.63
 394   2 1495.65
 395   2  877.13
 396   1 2041.68
 397   2 2577.02
 398   2 1295.88
 399   1 3059.59
 400   2 2059.81
 401   1 1099.88
 402   1 1446.13
 403   1 2125.00
 404   1 1074.47
 405   2  615.72
 406   2  962.56
 407   1 1280.40
 408   1 1292.55
 409   1 1256.95
 410   2  755.11
 411   2 1348.14
 412   2  623.34
 413   1 1344.67
 414   1 1858.23
 415   2 1106.54
 416   2 1290.50
 417   1 1717.28
 418   1 1205.98
 419   2 1763.76
 420   1 1621.79
 421   2 2554.19
 422   1 1493.48
 423   1 1756.41
 424   1 1833.13
 425   1 1297.48
 426   1 3278.78
 427   1 1444.21
 428   1  824.26
 429   2 1169.04
 430   2 1265.05
 431   1 1709.09
 432   2 1960.03
 433   1 1374.50
 434   1 1840.02
 435   2 1207.87
 436   2 1939.09
 437   2 1808.82
 438   1  821.81
 439   1  817.11
 440   1 1062.37
 441   1 1310.33
 442   2 1969.86
 443   2  684.03
 444   1 1478.14
 445   2 1743.67
 446   2  657.52
 447   1 3342.07
 448   2 1298.29
 449   1 1734.84
 450   1 1606.28
 451   2  714.11
 452   1 1544.52
 453   2 2075.58
 454   2 1186.76
 455   2 1036.43
 456   2 1157.95
 457   1 1842.55
 458   2  799.78
 459   2 1822.39
 460   1 1096.11
 461   1 1166.91
 462   2 2023.53
 463   1 2315.22
 464   2 1291.10
 465   2  847.69
 466   2  836.20
 467   1 1228.00
 468   2 1414.41
 469   1 2901.68
 470   1 1317.75
 471   2 1141.15
 472   1 1301.36
 473   1 2337.83
 474   1 1482.02
 475   1  923.23
 476   2 1904.82
 477   1 2536.20
 478   1 1900.05
 479   1 1995.68
 480   2 1007.59
 481   1  830.20
 482   1 1826.28
 483   2 2894.13
 484   1 1738.44
 485   2 1383.27
 486   1 3170.03
 487   2 1941.13
 488   2 1513.92
 489   1 2529.98
 490   2 1841.72
 491   1 1508.81
 492   1 1527.87
 493   1 2872.66
 494   2 1590.06
 495   2  981.24
 496   1 2840.81
 497   1 1659.07
 498   2  846.66
 499   1 1400.55
 500   2 1377.39
 501   1 3467.09
 502   1 2407.44
 503   1 2487.48
 504   1 2368.93
 505   1 2668.80
 506   2 1120.35
 507   2 1095.44
 508   2 1051.20
 509   1 2675.85
 510   1 2212.84
 511   2 2453.27
 512   1 8473.48
 513   2 1789.84
 514   2 1326.59
 515   1 2256.00
 516   1 1008.75
 517   2 2201.32
 518   2 1510.50
 519   2 1572.33
 520   2 1145.92
 521   1 1608.79
 522   1 1136.06
 523   1 2248.61
 524   2 3725.33
 525   1 1943.48
 526   2 2618.44
 527   2 3035.29
 528   2 2590.78
 529   1 2385.79
 530   2 1617.74
 531   2 2148.94
 532   2 1337.49
 533   2 1176.72
 534   1 5167.38
 535   2 1067.70
 536   2  976.09
 537   2 1727.94
 538   1 2179.38
 539   2 3156.93
 540   2 1086.78
 541   2 2702.25
 542   1 3536.34
 543   1 1306.59
 544   1 1469.27
 545   2 1333.00
 546   2 1291.57
 547   2  997.55
 548   1 2322.88
 549   2 1827.36
 550   2 1297.43
 551   1 3497.87
 552   1 3332.65
 553   2 1415.10
 554   1 1062.39
 555   1 2351.91
 556   2 1313.15
 557   1 1658.41
 558   1 2376.92
 559   2 1374.05
 560   2 1713.43
 561   2 4199.13
 562   2 2531.37
 563   1 1579.37
 564   1 1329.32
 565   2 1781.32
 566   1 2498.68
 567   2 1821.59
 568   2 1686.52
 569   2 1606.62
 570   2 3369.40
 571   1 3078.62
 572   2 1079.23
 573   2 1024.90
 574   1 2475.90
 575   1 1173.15
 576   1 1966.45
 577   1 1832.02
 578   1  963.37
 579   1 1506.44
 580   1 2389.79
 581   1 2734.40
 582   2 1291.97
 583   1 1140.50
 584   2 1534.33
 585   2 1009.89
 586   2 1009.40
 587   2 1225.27
 588   1 2270.34
 589   1 2433.10
 590   2 1529.04
 591   1 3323.49
 592   1 2347.15
 593   2  791.47
 594   1 1121.41
 595   2 1460.04
 596   2 1135.74
 597   1 1088.18
 598   2 1308.63
 599   1  988.87
 600   1 2495.58
 601   1 2168.62
 602   1 2589.32
 603   2  966.37
 604   1 3564.22
 605   1 2618.83
 606   2 1781.42
 607   2  860.83
 608   2  610.70
 609   1 2022.97
 610   1 3957.79
 611   2 1678.56
 612   2 2625.14
 613   1 1725.91
 614   1 1022.25
 615   1 1871.32
 616   1 1895.48
 617   2 1053.01
 618   2 1593.06
 619   1 2911.80
 620   1 1627.73
 621   2 1448.00
 622   2 1097.65
 623   1 1566.05
 624   1 1233.18
 625   2 1500.56
 626   1 2343.25
 627   1 3341.62
 628   2 1505.61
 629   1 1366.19
 630   2 1919.57
 631   1 4920.42
 632   1 1423.43
 633   2 1099.77
 634   2  837.85
 635   1 1512.24
 636   1 1643.18
 637   2  824.21
 638   1 2187.44
 639   1 1146.18
 640   1 2978.78
 641   2 1205.76
 642   1 2670.08
 643   2 1000.94
 644   2 3089.33
 645   2 1186.32
 646   1 7097.82
 647   1 1178.38
 648   1 1847.68
 649   1 1281.39
 650   1 2471.27
 651   1 1401.99
 652   1 1802.86
 653   1 2605.01
 654   1 1973.17
 655   2 1169.06
 656   1 2930.16
 657   1  724.08
 658   1 2193.00
 659   1 1068.28
 660   1 1201.15
 661   1 1909.77
 662   2 1727.02
 663   2 1460.62
 664   2 1139.06
 665   2 1902.56
 666   1 2318.47
 667   1 1951.78
 668   1 1085.48
 669   2  988.91
 670   2 1165.06
 671   2 1155.44
 672   2 2282.36
 673   2 1794.73
 674   1 3199.42
 675   2 1384.24
 676   2 1410.98
 677   1 1147.81
 678   1 1556.65
 679   2 1151.62
 680   1 3390.43
 681   2 1781.91
 682   2  872.66
 683   1 2267.72
 684   1 1264.72
 685   1 1181.30
 686   2  920.82
 687   1  528.44
 688   1 1012.26
 689   1 2739.34
 690   2  926.22
 691   1 1308.58
 692   2 1906.97
 693   2 1045.40
 694   2 1291.71
 695   1 2502.20
 696   1 2658.68
 697   2  931.55
 698   2 1589.56
 699   2  975.75
 700   1 2014.53
 701   2 1587.48
 702   1 1918.55
 703   1 1555.89
 704   2  612.36
 705   2 1586.30
 706   1  733.51
 707   1 1680.73
 708   1 2925.68
 709   2 1291.16
 710   2 1497.69
 711   2  547.35
 712   2 1438.12
 713   1 1212.54
 714   2 1528.40
 715   2  744.73
 716   2 1387.58
 717   1 2586.54
 718   2 2225.20
 719   1 1884.93
 720   1 1966.77
 721   2  827.23
 722   1 1843.24
 723   2  478.47
 724   2 1069.69
 725   1 2212.69
 726   1 2686.82
 727   1 1758.93
 728   1 1152.46
 729   1 1485.04
 730   1 1131.21
 731   2  973.28
 732   2 1918.72
 733   1 1106.46
 734   2 2242.86
 735   1 1550.82
 736   2  691.56
 737   1 1431.28
 738   1 2353.88
 739   2  804.21
 740   1 1082.56
 741   2  939.21
 742   2  872.66
 743   1 2786.79
 744   1 2177.75
 745   2 3154.98
 746   1 1589.18
 747   2 1536.02
 748   1 1953.84
 749   2 1183.08
 750   2 1184.67
 751   1 1671.85
 752   2 1486.90
 753   1 2412.71
 754   1 2363.50
 755   2 2539.16
 756   2 1736.54
 757   2 1060.78
 758   2 1294.85
 759   1 2388.28
 760   2 1855.97
 761   1 1550.28
 762   1 2643.17
 763   2 1767.27
 764   1 1222.48
 765   1  567.02
 766   2 2931.02
 767   2 1372.90
 768   2 2595.52
 769   2 1254.05
 770   2 1105.63
 771   1  826.14
 772   1 1372.81
 773   2 1215.64
 774   1 1325.05
 775   2 1425.08
 776   1 1038.72
 777   1  675.91
 778   2 2742.87
 779   2 1667.98
 780   1 1913.79
 781   2 1319.10
 782   2  798.44
 783   2 1787.58
 784   1 1446.58
 785   2  326.01
 786   2  711.91
 787   1 1384.56
 788   2  759.12
 789   2 1978.26
 790   1 1936.55
 791   1 1292.66
 792   2 1039.32
 793   2 1101.43
 794   1 1599.92
 795   1 1244.74
 796   1  879.10
 797   2 1219.22
 798   1  977.96
 799   2  704.96
 800   2 1518.03
 801   2 1246.69
 802   2  749.67
 803   2 1244.24
 804   2 1163.26
 805   1 1450.67
 806   1  819.01
 807   2  889.50
 808   2 1071.30
 809   1 1684.88
 810   2  654.23
 811   2 1167.17
 812   1 1612.63
 813   1  801.09
 814   2  828.02
 815   2  798.64
 816   1  625.35
 817   1 5188.18
 818   1 1153.59
 819   1 1265.17
 820   1 1156.57
 821   2 1019.60
 822   2 1491.99
 823   1  847.44
 824   2  937.56
 825   2 1151.91
 826   2 1594.80
 827   2 1093.41
 828   1 2744.98
 829   2 1988.56
 830   1 4053.87
 831   1 2597.46
 832   2  976.55
 833   1 3040.39
 834   2 1775.60
 835   2 2535.34
 836   2 1162.77
 837   1 1562.32
 838   2  660.46
 839   1 1423.14
 840   1 1035.08
 841   1 1994.40
 842   2 2059.34
 843   2 2814.61
 844   2 1576.12
 845   1 3404.39
 846   2 2213.37
 847   2 1127.81
 848   2  862.87
 849   2  858.07
 850   1 3078.95
 851   1 3248.54
 852   1 1987.44
 853   1 1352.97
 854   2 1701.63
 855   2 2671.97
 856   1  639.37
 857   1 2128.94
 858   2 1410.58
 859   1 1773.04
 860   1 1168.83
 861   1 1764.26
 862   1 2203.11
 863   2 1355.67
 864   2 1782.29
 865   2 1564.10
 866   1 2160.79
 867   1 1103.52
 868   1 2603.47
 869   2 1495.93
 870   2 1112.06
 871   1 1686.77
 872   2 1800.38
 873   2 1442.84
 874   1 1566.76
 875   1 3202.28
 876   2 1999.90
 877   1 1611.87
 878   2 1081.83
 879   1  829.22
 880   2 2512.18
 881   2 1371.58
 882   1 1989.42
 883   1 2106.60
 884   1 2630.87
 885   2 2647.82
 886   2 1010.41
 887   1 2140.48
 888   1 2854.19
 889   2 1775.06
 890   2 1283.40
 891   2  696.17
 892   2 2320.13
 893   1 2069.41
 894   2 2266.75
 895   2 1053.03
 896   1 1824.32
 897   1 1222.82
 898   2  810.06
 899   2 1987.98
 900   1 3109.03
 901   1 1746.85
 902   1 1624.13
 903   2 1424.59
 904   1  911.37
 905   1 2621.84
 906   2 1271.78
 907   2 2981.95
 908   1 1590.91
 909   1 3379.89
 910   2  885.91
 911   1 3256.79
 912   1 2635.89
 913   1 1085.46
 914   1 2956.84
 915   2 1623.88
 916   1 2034.38
 917   2 2097.87
 918   1 1889.51
 919   2 2056.83
 920   2 1866.58
 921   2  959.45
 922   2 1416.36
 923   1 1282.84
 924   1 4421.10
 925   1 2845.74
 926   1 1631.62
 927   2 2874.50
 928   2 3581.25
 929   2 1031.85
 930   2 1717.89
 931   1 2833.64
 932   2 2955.02
 933   1 1893.54
 934   2 1432.76
 935   1 2326.69
 936   1 1461.54
 937   2 1392.01
 938   1 2468.41
 939   1 2708.69
 940   2 1738.73
 941   1 1655.77
 942   1 1032.26
 943   2 1068.53
 944   2 1866.82
 945   2 1215.69
 946   2 3383.52
 947   1 3233.37
 948   1 1879.31
 949   1  971.81
 950   2 1697.91
 951   2 1249.33
 952   2  700.26
 953   1 3059.79
 954   1 2340.82
 955   2 1095.27
 956   2 3134.94
 957   1  972.67
 958   2 1174.87
 959   2 1032.96
 960   2 2087.43
 961   1 1305.18
 962   2 2428.86
 963   1 1480.29
 964   2  619.65
 965   1 2524.48
 966   1 4554.68
 967   2 2130.53
 968   2 1389.04
 969   1 2342.24
 970   2 1640.90
 971   2 2039.96
 972   2 2187.09
 973   2 1802.46
 974   1 1605.70
 975   1 2259.62
 976   2 2814.75
 977   2 1483.11
 978   1 1650.13
 979   1 1508.44
 980   1 1752.75
 981   1 1275.31
 982   2 1306.49
 983   1 2050.84
 984   1 3086.98
 985   2 1846.32
 986   2 2625.32
 987   2  884.90
 988   1 1704.86
 989   2 1002.41
 990   2 1420.03
 991   1 2050.06
 992   1 1910.25
 993   2 1049.28
 994   2 1066.50
 995   1 2070.54
 996   1 1126.15
 997   1 2353.80
 998   2 1644.11
 999   1 1618.28
1000   2 3306.96
1001   1 4110.82
1002   2 2054.66
1003   1 1408.55
1004   2 2141.47
1005   1 1927.84
1006   2 1668.65
1007   1 2484.78
1008   2 1537.49
1009   1 1948.93
1010   2 1426.72
1011   2 1746.01
1012   2 1647.90
1013   1 1362.68
1014   1  867.84
1015   2 2583.49
1016   2 2521.77
1017   1 3980.08
1018   2 1455.22
1019   2 1320.57
1020   2 2542.61
1021   1 3489.80
1022   1 3692.49
1023   1 1523.36
1024   2 1331.85
1025   2 1282.46
1026   2 2915.37
1027   1 1325.80
1028   2 1445.49
1029   1 1867.40
1030   2 1422.14
1031   2 1828.53
1032   2 1533.42
1033   1 1436.49
1034   2 2685.66
1035   1 1388.23
1036   2 2630.55
1037   2 1803.67
1038   1 1330.35
1039   2 1421.25
1040   2 1231.96
1041   2 2216.31
1042   2  980.34
1043   1 1638.73
1044   1 4503.13
1045   2 1106.86
1046   2 1152.49
1047   2 1716.08
1048   1 2555.11
1049   1 2158.79
1050   2  524.28
1051   1 2578.40
1052   2 1030.37
1053   2 1387.92
1054   1 1310.59
1055   2 1940.16
1056   2 1218.42
1057   2 1457.03
1058   1 1832.91
1059   1 1598.32
1060   1 2863.36
1061   2 1360.67
1062   2 2667.22
1063   2 1598.91
1064   2 2123.46
1065   2 1528.42
1066   2 1550.82
1067   1 1970.40
1068   1 1791.36
1069   1  913.33
1070   2 2260.69
1071   1 2301.17
1072   2 1668.39
1073   2 2994.86
1074   2 1788.84
1075   1 2689.22
1076   2 1813.04
1077   1 1571.14
1078   2 1188.81
1079   1 3820.28
1080   2 1231.03
1081   1 3812.86
1082   2 2551.43
1083   1 2254.64
1084   1 1549.75
1085   1 3238.62
1086   1 2252.27
1087   2 1567.11
1088   1 3093.48
1089   2  763.68
1090   2 1410.47
1091   2 1452.77
1092   1 1055.05
1093   2 1627.09
1094   2  766.28
1095   2 1150.51
1096   1 2005.94
1097   1 2280.33
1098   1 1492.96
1099   1 3270.41
1100   2  663.69
1101   2 1923.07
1102   1 1420.65
1103   2 1082.39
1104   1 1240.68
1105   2 2067.92
1106   2 1696.26
1107   2 1439.59
1108   2 1790.39
1109   2 1448.42
1110   1 3800.49
1111   2 2017.43
1112   1 1525.36
1113   2 1114.93
1114   2 2049.41
1115   2 1640.56
1116   2 1752.86
1117   2 1235.96
1118   1 1735.01
1119   1 3138.66
1120   2 1119.61
1121   1 1274.33
1122   1 2262.30
1123   1 4749.46
1124   1 1002.58
1125   2 1962.41
1126   2 1814.51
1127   2 1769.11
1128   2 1154.75
1129   2 1104.38
1130   1 1548.96
1131   1 2012.03
1132   2 1680.08
1133   1 4496.52
1134   2 1274.88
1135   1 1789.41
1136   2 1279.28
1137   2  673.85
1138   1 1080.77
1139   1 1605.44
1140   2  899.26
1141   2 1116.93
1142   2  908.50
1143   2 2246.59
1144   2 1344.10
1145   2  753.28
1146   2  916.14
1147   2  634.26
1148   2 1656.36
1149   2 3996.65
1150   2 2299.20
1151   1 2891.40
1152   1 2116.34
1153   2 2052.89
1154   1 3390.07
1155   1 2234.03
1156   2 2049.12
1157   2 1111.70
1158   1 2712.54
1159   2 1047.97
1160   2 2119.61
1161   1 2862.91
1162   2 2158.18
1163   1 1338.39
1164   2 2037.63
1165   2 2316.15
1166   1 1197.68
1167   1 3145.04
1168   2 1870.02
1169   2  773.08
1170   1 2618.24
1171   2  448.50
1172   2 2012.07
1173   1 1126.73
1174   1 4298.86
1175   2 2098.81
1176   2 1771.28
1177   1 2738.74
1178   1 2714.08
1179   2 2546.65
1180   2 1284.43
1181   2 3256.88
1182   2  887.00
1183   1 3221.25
1184   2 1175.07
1185   2  937.99
1186   2  823.55
1187   1 1373.55
1188   2 1580.35
1189   2 1276.08
1190   1 1764.00
1191   2  374.93
1192   1 1239.93
1193   1 1237.00
1194   2  856.21
1195   1 2397.20
1196   1 2180.35
1197   2 1385.79
1198   1 2881.51
1199   1 1466.87
1200   1 2053.89
1201   1  814.12
1202   2 1090.11
1203   2 1998.87
1204   2 2264.16
1205   2 1301.31
1206   2  919.98
1207   1 1727.03
1208   1 1851.48
1209   1 3261.46
1210   2  915.89
1211   1 1923.11
1212   1 1421.21
1213   2 1551.91
1214   1 3423.82
1215   2 1418.09
1216   2 2657.98
1217   1 1464.32
1218   1 2357.49
1219   1 1573.07
1220   1 1593.55
1221   2 2457.94
1222   2 1173.85
1223   2 1021.32
1224   2 2039.18
1225   1 3031.03
1226   2  828.09
1227   2 2579.28
1228   2 1654.21
1229   2 2531.76
1230   1 1527.48
1231   2 2202.57
1232   1 2298.18
1233   2 1902.54
1234   2  800.33
1235   1 1148.48
1236   1 1314.63
1237   2 2225.74
1238   2  893.35
1239   2 1060.37
1240   2 1189.93
1241   2 3032.20
1242   2  978.61
1243   2 1458.98
1244   1 1859.85
1245   2 1529.76
1246   2 1143.06
1247   1 5053.74
1248   1 1988.35
1249   1 2706.33
1250   1 2726.71
1251   2 1436.73
1252   2 1704.94
1253   2 1273.01
1254   1 2208.06
1255   2 1275.96
1256   1 2616.88
1257   2 1182.25
1258   2 1517.36
1259   2 1979.58
1260   1 2075.51
1261   2 1693.83
1262   1 1836.39
1263   2 1260.72
1264   1 1508.09
1265   1 2345.63
1266   2 1971.69
1267   2 1566.78
1268   2 1063.10
1269   2  404.63
1270   1 1142.02
1271   1 5536.06
1272   1 3197.78
1273   2 2407.51
1274   1 2476.18
1275   2 1632.73
1276   2 2745.13
1277   1 2796.81
1278   2 1478.16
1279   1 1835.03
1280   1 1777.30
1281   2 1288.67
1282   2 1916.26
1283   2  977.82
1284   1  397.10
1285   1 2347.75
1286   2  968.70
1287   2 1689.23
1288   2 1091.88
1289   1 3868.59
1290   2 1662.51
1291   1 2286.69
1292   2 1122.61
1293   2 1309.47
1294   2  681.28
1295   2 1328.91
1296   1 2768.26
1297   1 1367.08
1298   1 1174.03
1299   1 2071.73
1300   2 1493.22
1301   2 1929.97
1302   1 1903.83
1303   1 2878.75
1304   2 1094.77
1305   1 1705.29
1306   1 1383.73
1307   2 1866.35
1308   1 1961.91
1309   1 3189.23
1310   1 1807.80
1311   2 1299.97
1312   2 1767.30
1313   2 1564.36
1314   1 2352.56
1315   2 1304.88
1316   1 1655.28
1317   2 1260.44
1318   2 1002.73
1319   2 1219.37
1320   1 3012.05
1321   2 2448.05
1322   1 3693.46
1323   1 2882.03
1324   2 3047.65
1325   1 3111.97
1326   2 1652.00
1327   2 1597.01
1328   1 1582.62
1329   2 1345.64
1330   2 1117.33
1331   1 1941.92
1332   2  997.50
1333   2 1508.80
1334   1 2152.77
1335   1 1483.12
1336   1 1542.67
1337   2 1326.53
1338   2 1051.52
1339   2 1917.40
1340   2  714.19
1341   2 1860.82
1342   2  817.89
1343   2 1439.38
1344   2 2430.77
1345   2 1513.69
1346   2  561.83
1347   1 1727.49
1348   1 2640.75
1349   1 1409.83
1350   1 1602.16
1351   2 1591.70
1352   1 2090.58
1353   1 2732.27
1354   2 1333.78
1355   2 1662.17
1356   1 1525.18
1357   1 2656.79
1358   1 1620.29
1359   1 2500.74
1360   2 1718.37
1361   2 2159.52
1362   1 2622.44
1363   1 3726.83
1364   1 1844.95
1365   2 1005.95
1366   2 1265.95
1367   1 1532.61
1368   1 1564.87
1369   1 1056.98
1370   2 1373.70
1371   2  789.44
1372   2 2328.20
1373   2 1234.58
1374   2 1626.69
1375   2 1763.69
1376   2 1534.34
1377   2 1587.12
1378   1 1593.73
1379   2  758.25
1380   2 1566.57
1381   1 2828.14
1382   1 4574.63
1383   1 1800.37
1384   1 2321.92
1385   1 2162.97
1386   2 1194.48
1387   2 1560.46
1388   2 1904.79
1389   2 1715.84
1390   2  993.74
1391   2 2480.76
1392   2 1147.39
1393   1 3564.78
1394   2  656.50
1395   1 4135.58
1396   1 2787.71
1397   2 1924.05
1398   2 1777.03
1399   2  683.23
1400   2 1917.24
1401   2  659.54
1402   1 3267.67
1403   1 1174.06
1404   2 1088.42
1405   1 2041.38
1406   2 1541.45
1407   2 1571.27
1408   1 1818.97
1409   2 1189.42
1410   2  898.88
1411   1  663.44
1412   1 1937.45
1413   2 1769.19
1414   2 1507.65
1415   1 4656.14
1416   2 1763.55
1417   1 1822.83
1418   2 1050.70
1419   1 1410.87
1420   2 1119.76
1421   1 1825.14
1422   1 4166.98
1423   2 2567.18
1424   2 1722.23
1425   2 1874.44
1426   1 2973.18
1427   2 1177.80
1428   2  719.94
1429   1 2300.56
1430   1  248.23
1431   2 1230.86
1432   2  833.37
1433   2 1342.00
1434   2 1675.25
1435   1 1552.12
1436   2  619.41
1437   1 2126.71
1438   1  725.64
1439   2  612.28
1440   2 1057.84
1441   1 1430.91
1442   2 1850.66
1443   1  802.40
1444   1 1185.69
1445   2 1907.78
1446   1 1362.03
1447   1 1715.49
1448   2  930.30
1449   1 1580.84
1450   2 1371.06
1451   2 1158.20
1452   2  845.83
1453   1 1362.67
1454   2  706.18
1455   1 3075.01
1456   1 1343.06
1457   1 1786.90
1458   2 1848.79
1459   1  928.77
1460   2  907.35
1461   2  949.66
1462   2 1119.07
1463   1 1295.41
1464   1 1487.04
1465   2  841.35
1466   2  492.56
1467   2 1403.94
1468   2  701.08
1469   1 2261.44
1470   2  630.14
1471   2 1013.67
1472   2 1379.03
1473   1 2380.77
1474   1 1663.95
1475   1 2923.11
1476   2 2212.69
1477   1 1048.15
1478   1 1952.48
1479   1 2754.60
1480   2 1193.26
1481   2 1597.12
1482   2 1186.84
1483   1  698.50
1484   2 2214.04
1485   1 1155.04
1486   1 1115.01
1487   2 2168.19
1488   2  869.55
1489   2 1348.60
1490   2 1335.18
1491   1  953.39
1492   1  698.13
1493   1 1646.87
1494   2 1120.00
1495   1 1833.66
1496   1 1386.29
1497   2 2826.14
1498   2 2724.47
1499   2 1880.56
1500   2 1495.78
1501   2 1289.48
1502   1 1182.82
1503   1 1773.68
1504   1  807.48
1505   1 1599.52
1506   1 1859.79
1507   2 2060.85
1508   2 1700.00
1509   2 2550.46
1510   1 2271.60
1511   1 1539.44
1512   1 1811.08
1513   1 1605.23
1514   2 2614.54
1515   1 2030.77
1516   2 1334.14
1517   1  930.00
1518   2  935.75
1519   2  767.45
1520   2 1231.69
1521   2 2627.52
1522   2 2668.99
1523   1 2485.98
1524   2 2205.08
1525   2  968.63
1526   2 1123.00
1527   2 1362.04
1528   2 1291.72
1529   1 2005.38
1530   2 1987.10
1531   1 1779.46
1532   2 1173.81
1533   2  865.61
1534   2 1578.44
1535   1 1232.84
1536   1 1313.99
1537   1 2053.54
1538   2 1413.72
1539   1 2590.88
1540   1 1733.16
1541   2 1335.61
1542   2  962.00
1543   2 1129.81
1544   2 1353.77
1545   1 1894.60
1546   1 1716.44
1547   1 2691.16
1548   1 1866.91
1549   1 1097.16
1550   1 3257.60
1551   1 1896.17
1552   2 1326.41
1553   1 1380.13
1554   1 2706.23
1555   1 3359.78
1556   2 1071.54
1557   1 2237.31
1558   2  862.74
1559   2 1599.65
1560   2 1205.11
1561   2 1199.39
1562   2 2024.09
1563   1 2344.97
1564   1 1830.90
1565   2 1487.25
1566   2 2972.44
1567   2 1351.28
1568   2 1455.01
1569   1 3145.89
1570   2 1135.62
1571   1 2618.01
1572   1 1563.91
1573   1 2052.75
1574   1 2749.58
1575   1 2387.67
1576   1 2383.78
1577   2 1133.25
1578   1 2572.05
1579   2 2932.72
1580   1 1861.80
1581   2 1660.51
1582   2 2190.82
1583   1 4192.91
1584   2  959.91
1585   2 1268.00
1586   1 1673.96
1587   2 1530.06
1588   1 1255.77
1589   1 1310.18
1590   2 1012.98
1591   1 1149.86
1592   2 1631.82
1593   2  919.54
1594   1 1912.32
1595   2 1474.71
1596   2 1396.51
1597   2 1092.75
1598   2 1332.48
1599   2 1059.19
1600   1  666.06
1601   2  861.05
1602   1 2208.28
1603   2 1570.33
1604   2 1736.58
1605   1 2301.54
1606   1 1533.47
1607   1 1120.04
1608   1 2228.82
1609   2 2324.50
1610   2 1165.42
1611   2 2086.71
1612   2 1434.82
1613   1 1173.93
1614   2  783.40
1615   2 1510.93
1616   2 1752.01
1617   1 1188.21
1618   2 1600.02
1619   1 1646.37
1620   2  883.19
1621   1 1451.84
1622   1 1601.27
1623   1 2009.56
1624   1 3431.78
1625   2 1654.70
1626   2 1047.39
1627   1 1460.93
1628   2  819.78
1629   2 2018.18
1630   2 1278.32
1631   1 1603.53
1632   2 1251.83
1633   2  886.05
1634   1 1718.95
1635   2 1586.24
1636   2 2509.92
1637   1 1055.22
1638   1 1163.44
1639   2 1844.50
1640   1 1115.44
1641   1 1473.91
1642   1 1782.37
1643   1 1319.33
1644   2  858.81
1645   1 1002.82
1646   1 2707.60
1647   1 1609.54
1648   2 1007.87
1649   2 1116.23
1650   1 2036.30
1651   1 1049.88
1652   1 1430.30
1653   1 1995.95
1654   2 1673.81
1655   2 1928.05
1656   2 2014.89
1657   1 2629.05
1658   2 1190.08
1659   1 1560.57
1660   2 1227.58
1661   1 2512.57
1662   2  623.11
1663   1 2580.44
1664   2 1800.95
1665   2 1353.72
1666   1 1918.08
1667   2  912.68
1668   1 2187.18
1669   1 1673.04
1670   1  591.36
1671   2 4520.13
1672   2 1474.67
1673   1 1650.41
1674   2 1518.63
1675   1 1041.04
1676   2 1095.54
1677   2 1764.88
1678   2 1252.20
1679   2 1498.18
1680   1 1013.56
1681   2 1651.63
1682   2 1981.86
1683   1 3276.01
1684   1 1091.31
1685   1 1839.17
1686   2 1875.06
1687   2 2031.63
1688   1 2521.18
1689   1 1936.94
1690   2 1690.90
1691   2  601.96
1692   2 1403.40
1693   2 1208.85
1694   2 1065.27
1695   1  733.94
1696   1 1558.82
1697   1 1403.53
1698   1 2865.71
1699   1 2017.85
1700   2 1323.55
1701   1 1536.87
1702   1 2052.78
1703   2  549.51
1704   1 1492.73
1705   1 1070.48
1706   1 1660.64
1707   1 2231.49
1708   2 1374.37
1709   2 1319.09
1710   2 1221.58
1711   1  873.50
1712   1 2218.88
1713   2 1727.84
1714   2 1899.31
1715   2  659.63
1716   1 2802.13
1717   1 1104.17
1718   1 2147.33
1719   2 2968.15
1720   2  927.43
1721   2 3200.14
1722   2 1331.32
1723   1 8106.73
1724   1 1352.42
1725   1  535.11
1726   1 2123.54
1727   2 2042.98
1728   1 2127.16
1729   2 1115.99
1730   1 1486.69
1731   1  810.80
1732   1 1636.96
1733   2 1249.19
1734   2  574.93
1735   1 3344.18
1736   1  875.79
1737   1 1573.25
1738   2 1587.76
1739   1 1558.26
1740   1 1826.32
1741   1 1782.35
1742   2 2888.15
1743   1 3786.98
1744   1 2728.87
1745   2 2230.97
1746   1  771.19
1747   2 1218.58
1748   2 1026.25
1749   2 1344.25
1750   1 2981.33
1751   1 1062.60
1752   2 1035.68
1753   1 1066.27
1754   2 1456.18
1755   1 1727.55
1756   2  922.62
1757   2 2574.13
1758   1 1507.82
1759   2  943.11
1760   1 2309.54
1761   2 1314.19
1762   2 1627.46
1763   2 1152.87
1764   2  681.77
1765   1 2356.51
1766   2  969.65
1767   2 1166.99
1768   1 1040.21
1769   1 1995.56
1770   1 1063.88
1771   1 1351.42
1772   1 1609.76
1773   1  562.24
1774   2 1512.45
1775   1 1824.93
1776   1 1390.52
1777   1 2700.81
1778   1 1467.19
1779   2  962.55
1780   2 1483.44
1781   2  595.20
1782   1 1257.36
1783   1 2454.81
1784   2  570.26
1785   2 1173.14
1786   1  764.37
1787   2 1490.94
1788   1 1702.69
1789   2 1098.89
1790   2  778.23
1791   2  878.37
1792   2 1716.91
1793   2  934.30
1794   1 1242.52
1795   1 1109.71
1796   1  933.66
1797   1  844.36
1798   2  588.74
1799   2  851.09
1800   2  819.15
1801   2 1074.01
1802   2 1658.99
1803   2 1180.67
1804   2 1870.36
1805   2  942.06
1806   1 2032.18
1807   1 1061.79
1808   1 1582.66
1809   1 1051.45
1810   2 2353.35
1811   2 1666.01
1812   1 1772.17
1813   2 1105.93
1814   2  956.25
1815   2  996.98
1816   1 1031.22
1817   1 1449.74
1818   1 2069.38
1819   1 1592.36
1820   1 1181.99
1821   1 1313.74
1822   2  853.91
1823   2 1019.63
1824   1  948.70
1825   2  969.40
1826   1 1003.35
1827   2 1075.66
1828   2  978.84
1829   1 1330.15
1830   2 1004.24
1831   2 1722.12
1832   2 1352.54
1833   2 1661.40
1834   2 1302.97
1835   1 1346.68
1836   1 1084.37
1837   2 1206.84
1838   1 1707.00
1839   1 1403.26
1840   1 1614.30
1841   2 1038.02
1842   2 1034.49
1843   2 1074.09
1844   2 1083.08
1845   1 2684.48
1846   1 2034.12
1847   1 1184.62
1848   1 2794.56
1849   2 1306.43
1850   1 1171.60
1851   1 1068.55
1852   2 1856.62
1853   2 2188.07
1854   1 1290.14
1855   1 3062.32
1856   1 1718.79
1857   2 1897.42
1858   1 2250.66
1859   1 1466.04
1860   1 1566.36
1861   2  977.39
1862   1 1666.21
1863   2 2134.67
1864   2 1210.99
1865   1 4549.49
1866   1  951.77
1867   1 1534.75
1868   2 1289.04
1869   1 2301.87
1870   2 1603.94
1871   2  861.51
1872   1 1296.96
1873   2 2240.49
1874   1 1835.92
1875   2 1757.23
1876   1 4178.31
1877   1 1567.02
1878   1 1549.05
1879   2 1727.21
1880   2 1409.07
1881   1 2080.61
1882   1 1637.25
1883   2 1098.38
1884   1 4184.77
1885   2 2563.52
1886   1 5210.32
1887   2  763.53
1888   1 1451.83
1889   1 1131.69
1890   1 1401.86
1891   1 1219.72
1892   1 1110.37
1893   2  657.18
1894   2 1478.37
1895   2 3510.63
1896   2 2127.17
1897   1 1809.62
1898   1 3530.18
1899   2  854.74
1900   2 1285.81
1901   1 2126.73
1902   2 1665.69
1903   2 1229.80
1904   2 1370.78
1905   1 2309.20
1906   1 1330.45
1907   1 1306.16
1908   2 1361.45
1909   1 2102.72
1910   1 1488.63
1911   1 2069.85
1912   1 1649.28
1913   2 1094.02
1914   2 1510.22
1915   1 1149.06
1916   2 1132.02
1917   2 1547.64
1918   2 1067.57
1919   2 1626.01
1920   1 1794.55
1921   1 2184.11
1922   1 1493.37
1923   1 2584.43
1924   2 1131.37
1925   2 1542.98
1926   2 1362.77
1927   1 2715.34
1928   2 1043.74
1929   1 1246.82
1930   2 1148.87
1931   2 1157.64
1932   1 2193.61
1933   1 2496.99
1934   2 1046.59
1935   2 1275.94
1936   1 2113.42
1937   2 1500.37
1938   1 2466.39
1939   1 1451.30
1940   2 1238.75
1941   2 1581.94
1942   2 1445.27
1943   1 1580.26
1944   2 1115.55
1945   2 2476.22
1946   2 1154.81
1947   2 1948.20
1948   2 2384.73
1949   1 1793.21
1950   2 2323.77
1951   2  605.36
1952   1 2811.31
1953   2 2695.85
1954   2 1926.35
1955   1 1677.71
1956   2 1965.21
1957   2 1386.68
1958   1 1940.52
1959   2 1118.62
1960   2  813.31
1961   2 1169.21
1962   1 1425.18
1963   1 3217.52
1964   2 1686.17
1965   1 2015.79
1966   2  987.95
1967   2 1130.15
1968   1 5542.65
1969   1 1840.53
1970   2 2965.85
1971   2 1076.09
1972   1 2981.49
1973   1 1313.73
1974   2 1813.19
1975   1 3366.35
1976   2 1311.19
1977   2 2210.25
1978   1 1953.60
1979   1 3048.94
1980   2 1389.83
1981   2  607.57
1982   1 1946.14
1983   1 1547.78
1984   1 1437.52
1985   2 1203.91
1986   1  969.05
1987   1 1865.59
1988   1 2081.45
1989   2 2327.60
1990   2 3049.00
1991   1 2057.98
1992   1 2312.73
1993   2 1659.80
1994   1 2310.48
1995   1  926.42
1996   2 1913.22
1997   2  568.03
1998   2 2249.82
1999   1 2958.84
2000   1 2092.51
2001   1 1739.92
2002   1 1093.03
2003   2  892.93
2004   2 1018.46
2005   2  811.19
2006   2 1429.79
2007   1 2685.98
2008   2 2805.51
2009   2 1623.62
2010   2  874.65
2011   1 1289.80
2012   2 2097.74
2013   1 3228.56
2014   1 1963.80
2015   1 1316.15
2016   1 1626.68
2017   1 1655.67
2018   2 2407.01
2019   1 2954.09
2020   2  950.26
2021   1 2224.63
2022   1 1466.35
2023   1 2749.01
2024   2 1319.27
2025   1 1995.73
2026   1 1804.33
2027   2 5070.66
2028   2 1563.06
2029   2 1330.56
2030   2 2339.18
2031   2 8563.31
2032   2  871.88
2033   2 3025.79
2034   2 2122.16
2035   1 2000.98
2036   1 1269.56
2037   2 5698.34
2038   1 2192.04
2039   2 1381.02
2040   1 2177.48
2041   1 3945.55
2042   2 3166.99
2043   1 2691.20
2044   1 1706.57
2045   2  871.73
2046   1 2228.72
2047   1 1267.43
2048   1 3501.69
2049   1 1092.34
2050   2 1210.75
2051   2 1516.22
2052   1 2268.58
2053   2  742.37
2054   1 1414.70
2055   2  874.65
2056   1 1916.97
2057   1 2595.65
2058   2  666.89
2059   1 3021.12
2060   1 1504.08
2061   1 1495.45
2062   2 2310.97
2063   1 2102.45
2064   2 1133.53
2065   1 1218.06
2066   2  568.43
2067   1 2376.80
2068   2 2603.93
2069   1 1547.39
2070   1 1632.13
2071   1 2054.33
2072   2 1732.87
2073   1 2899.98
2074   1 1327.72
2075   1 1192.64
2076   1 1730.35
2077   1  836.80
2078   2 1415.75
2079   2 1454.82
2080   1 1222.98
2081   1 1010.10
2082   2  803.29
2083   1 1340.29
2084   1  880.95
2085   2 1204.49
2086   2 1538.11
2087   2 1140.97
2088   1  926.71
2089   2 1673.43
2090   1 1883.49
2091   1 2459.92
2092   1 1104.95
2093   1 1196.22
2094   1  934.36
2095   2 1180.91
2096   2 1180.86
2097   1 1369.76
2098   2 1565.56
2099   2  871.50
2100   2 2661.17
2101   1 4979.91
2102   1  937.54
2103   2  852.61
2104   1 1684.68
2105   2  745.27
2106   1  895.22
2107   1 2451.76
2108   1 2495.00
2109   1 1245.15
2110   1 1053.83
2111   2 1537.66
2112   1 1875.37
2113   2 1346.91
2114   1 2113.28
2115   1 1718.10
2116   2  880.85
2117   1 1121.53
2118   1 2210.94
2119   1 2762.95
2120   2 1307.77
2121   2 3446.40
2122   1 1603.43
2123   2 3903.00
2124   2 2616.83
2125   1 2864.87
2126   2 1238.85
2127   1 2420.90
2128   2 1757.52
2129   1 1890.30
2130   1 1998.14
2131   2 4668.64
2132   1 2433.79
2133   2 1439.00
2134   2 2114.30
2135   2 2301.22
2136   1 2992.15
2137   2  974.95
2138   2 1302.80
2139   2  987.41
2140   2 2915.52
2141   1 1218.68
2142   1 2004.74
2143   2  977.25
2144   2 2479.93
2145   1 2141.04
2146   2 1279.38
2147   2 2264.78
2148   2  891.72
2149   1 1076.93
2150   1 1665.56
2151   2  551.02
2152   1 1525.03
2153   1 1454.97
2154   1 1494.59
2155   1 1465.68
2156   2 1003.62
2157   2 1193.30
2158   2 1353.50
2159   2 1375.69
2160   1 1379.66
2161   2 1348.01
2162   2 5547.34
2163   2  842.63
2164   2 1365.86
2165   1  885.76
2166   1 2360.42
2167   1 3775.99
2168   1 1461.95
2169   2 3504.82
2170   1 6438.49
2171   1 2164.18
2172   1 2790.70
2173   2 1617.14
2174   1 1555.56
2175   2 2041.60
2176   1 3300.25
2177   1 1260.72
2178   2 2226.00
2179   1 2027.41
2180   1 1117.07
2181   1 2179.52
2182   2 1481.04
2183   1 1433.41
2184   2 1710.91
2185   2 1869.15
2186   1 2080.70
2187   1 1308.52
2188   1 2447.44
2189   1 2633.00
2190   2  650.72
2191   2 1414.00
2192   2 2855.14
2193   1 1904.38
2194   1 2860.07
2195   1 1185.11
2196   1 3049.90
2197   1 3113.80
2198   1 2338.89
2199   1 1407.76
2200   2 1270.53
2201   2 1034.20
2202   2 1261.80
2203   2 1037.12
2204   1 2114.81
2205   1 3536.42
2206   1 1662.16
2207   2  945.19
2208   2 1020.54
2209   2  901.82
2210   1 1664.45
2211   1  799.00
2212   1 1628.07
2213   1 2399.02
2214   2 2340.26
2215   1 2955.45
2216   2  940.00
2217   2 1850.16
2218   1 2652.25
2219   2 3825.82
2220   2 1965.16
2221   1 1664.81
2222   1  765.11
2223   1 1722.46
2224   1 1170.68
